$ 65 0.0000049999999999999996 382.76258214399064 54 5 43 5e-11
v 1024 656 1024 480 0 0 1000 5 0 0 0.5
g 1024 656 1024 704 0 0
r 1024 480 1120 480 0 5600
34 zener-2.495-2 1 1.7143528192810002e-7 0 2.0000000000000084 2.5 1
z 1216 656 1216 528 2 zener-2.495-2
w 1216 528 1440 528 0
w 1136 656 1024 656 0
w 1808 656 1584 656 0
r 1584 656 1440 656 0 10000
w 1440 656 1440 560 0
r 1440 656 1440 736 0 27000
g 1440 736 1440 768 0 0
370 1216 480 1216 528 1 0 0
209 1136 528 1136 656 0 1e-8 2.4381363989556006 0.001 1
w 1136 528 1216 528 0
w 1216 656 1136 656 0
409 1440 544 1584 544 1 0.6 0 0.023100000000000002 2
w 1504 576 1504 624 0
w 1504 624 1248 624 0
w 1248 624 1248 656 0
w 1248 656 1216 656 0
370 1504 448 1504 512 1 0 0
w 1504 448 1504 400 0
w 1120 480 1216 480 0
370 1584 544 1664 544 1 0 0
r 1664 544 1728 544 0 500
32 TIP42C 0 5.65618e-10 0.6826031754699723 0 4 0.1 0 3.78125 1.24004 1.30331 0.011036662689789211 0.03687030134097286 2.83268
t 1728 544 1808 544 1 -1 -0.5559977994182841 1.1041241517104994 110 TIP42C
w 1728 400 1504 400 0
370 1808 560 1808 656 1 0 0
r 1808 656 1808 736 0 270
w 1584 736 1440 736 0
p 1728 544 1728 400 1 0 0
w 1728 400 1808 400 0
p 1584 544 1584 608 1 0 0
209 1584 656 1584 736 0 0.00009999999999999999 3.339878048871216 0.001 1
w 1584 736 1808 736 0
w 1968 656 1968 672 0
r 1968 704 1968 768 0 26
w 1888 768 1808 768 0
w 1808 768 1808 736 0
f 1920 688 1968 688 32 1.5 0.02
w 1920 688 1888 688 0
v 1888 768 1888 688 0 2 100 5 0 0 0.03
w 1888 768 1968 768 0
s 1808 656 1968 656 0 0 false
w 1024 480 1024 400 0
w 1024 400 1504 400 0
368 1024 480 896 480 1 0 Voltage\sSource
368 1216 480 1312 480 1 0 Reference\sVoltage
368 1808 560 1936 560 1 0 Output\sVoltage\s(3.3V\sTarget)
370 1808 400 1808 464 1 0 0
w 1808 464 1808 528 0
x 1819 426 1909 429 4 12 Collector\sCurrent
38 0 F1 0 0 5 -1 Voltage
